578080
570
730
377160
271590
10
72850
218620
275850
289070
550
105600
433850
268500
374320
49520
230410
440
42710
214950
365590
364360
10190
252950
346110
240
359550
620
238960
435150
292030
8930
287700
211820
207890
65980
42690
378120
295270
236430
231670
71270
4000
482730
594570
202990
200510
63380
250900
489830
281990
261640
252490
356190
363970
8870
413150
311210
304930
42700
444090
630
255710
624090
304050
622590
107410
476620
28050
200710
372000
440900
245550
337000
273350
22380
24240
241930
243470
360430
42680
304390
239140
460930
221100
504370
391220
379720
368420
381210
588430
206420
291650
113020
582160
227300
394360
321040
295110
34330
